1740924572014 0.10226638615131378 0
1740924612472 0.10927700251340866 1
1740924623583 0.1050458773970604 2
1740924630389 0.10715391486883163 3
1740924640821 0.12016808241605759 4
1740924650810 0.11966141313314438 5
1740924658068 0.13183681666851044 6
1740924668117 0.1391868144273758 7
1740924675705 0.16995729506015778 8
1740924682115 0.17431795597076416 9
1740924688575 0.18645723164081573 10
1740924695131 0.20362330973148346 11
1740924702343 0.20454561710357666 12
1740924709917 0.22744862735271454 13
1740924718294 0.22125713527202606 14
1740924727400 0.2533864676952362 15
1740924734374 0.2580818831920624 16
1740924743916 0.2940000295639038 17
1740924755379 0.2990723252296448 18
1740924766243 0.32724928855895996 19
1740924775654 0.3180820941925049 20
1740924783549 0.33348941802978516 21
1740924792029 0.3338446617126465 22
1740924799501 0.33365049958229065 23
1740924811615 0.3500623404979706 24
1740924819567 0.3565804064273834 25
1740924826127 0.35775884985923767 26
1740924833335 0.3531618118286133 27
1740924840372 0.3434979021549225 28
1740924850298 0.36466264724731445 29
1740924857358 0.37007632851600647 30
1740924864157 0.35970696806907654 31
1740924884602 0.37428319454193115 32
1740924895427 0.37407001852989197 33
1740924906094 0.3860935866832733 34
1740924914242 0.3768836259841919 35
1740924920715 0.40150347352027893 36
1740924927225 0.39529839158058167 37
1740924934754 0.3919488489627838 38
1740924943721 0.4101472795009613 39
1740924963230 0.4057774245738983 40
1740924970715 0.4021429121494293 41
1740924977671 0.4171222746372223 42
1740924988504 0.4163762032985687 43
1740924996093 0.4133725166320801 44
1740925003603 0.4230922758579254 45
1740925010797 0.4283014237880707 46
1740925021034 0.4171668589115143 47
1740925031414 0.4226941168308258 48
