1740924572014 1.8504021167755127 0
1740924612472 1.6195464134216309 1
1740924623583 1.5939104557037354 2
1740924630389 1.5618693828582764 3
1740924640821 1.520309329032898 4
1740924650810 1.4735875129699707 5
1740924658068 1.426809549331665 6
1740924668117 1.3446540832519531 7
1740924675705 1.2672770023345947 8
1740924682115 1.2724378108978271 9
1740924688575 1.1664769649505615 10
1740924695131 1.1471809148788452 11
1740924702343 1.0642096996307373 12
1740924709917 1.0352017879486084 13
1740924718294 0.9661637544631958 14
1740924727400 0.8991372585296631 15
1740924734374 0.8549914360046387 16
1740924743916 0.7884379625320435 17
1740924755379 0.7735010981559753 18
1740924766243 0.7276885509490967 19
1740924775654 0.7322019338607788 20
1740924783549 0.6876401901245117 21
1740924792029 0.6975501179695129 22
1740924799501 0.6459909677505493 23
1740924811615 0.6618483662605286 24
1740924819567 0.5960718393325806 25
1740924826127 0.6090127229690552 26
1740924833335 0.7137565612792969 27
1740924840372 0.6250234246253967 28
1740924850298 0.62030428647995 29
1740924857358 0.6127475500106812 30
1740924864157 0.5859568119049072 31
1740924884602 0.5537244081497192 32
1740924895427 0.5851442813873291 33
1740924906094 0.5410369038581848 34
1740924914242 0.556503415107727 35
1740924920715 0.520678699016571 36
1740924927225 0.5168495774269104 37
1740924934754 0.5056716799736023 38
1740924943721 0.5052491426467896 39
1740924963230 0.47904708981513977 40
1740924970715 0.4848637282848358 41
1740924977671 0.4632546305656433 42
1740924988504 0.47504639625549316 43
1740924996093 0.4544369876384735 44
1740925003603 0.461742103099823 45
1740925010797 0.4474013149738312 46
1740925021034 0.4647979438304901 47
1740925031414 0.4418860077857971 48
