1740852569041 0.02936776727437973 0
1740852587920 0.033518124371767044 1
1740852595226 0.0440388023853302 2
1740852606887 0.06737934798002243 3
1740852616939 0.06331896036863327 4
1740852625900 0.05636105686426163 5
1740852634946 0.05444817245006561 6
1740852643592 0.05677870661020279 7
1740852651592 0.060401543974876404 8
1740852660514 0.06813628226518631 9
1740852668885 0.08466482907533646 10
1740852677927 0.08981723338365555 11
1740852686732 0.10469990223646164 12
1740852695475 0.075300432741642 13
1740852704861 0.09944097697734833 14
1740852713961 0.11527091264724731 15
1740852720140 0.1089906394481659 16
1740852731948 0.09673498570919037 17
1740852740408 0.12284208834171295 18
1740852750926 0.13169601559638977 19
1740852758520 0.13208700716495514 20
1740852764438 0.11901941895484924 21
1740852769671 0.12354297190904617 22
1740852774933 0.13496188819408417 23
1740852780275 0.1379583328962326 24
1740852785504 0.13630709052085876 25
1740852791873 0.1324295848608017 26
1740852802025 0.14384828507900238 27
1740852807929 0.14960099756717682 28
1740852818653 0.1488850712776184 29
1740852824732 0.14340971410274506 30
1740852831120 0.15113455057144165 31
1740852837829 0.15774308145046234 32
1740852844150 0.15987685322761536 33
1740852850251 0.15916673839092255 34
1740852860590 0.1604629009962082 35
1740852868294 0.16155338287353516 36
1740852877698 0.1621111035346985 37
1740852884093 0.1633838564157486 38
1740852890508 0.16591200232505798 39
1740852898647 0.1712876856327057 40
1740852906410 0.16928322613239288 41
1740852914437 0.1703309267759323 42
1740852925235 0.17696888744831085 43
1740852932742 0.17575682699680328 44
1740852941388 0.17937034368515015 45
1740852947379 0.1779499053955078 46
1740852953212 0.1822451949119568 47
1740852963335 0.19025704264640808 48
1740852969731 0.18414165079593658 49
