1740852569041 2.199063301086426 0
1740852587920 2.086338996887207 1
1740852595226 1.923938274383545 2
1740852606887 1.9155360460281372 3
1740852616939 1.8485162258148193 4
1740852625900 1.7840867042541504 5
1740852634946 1.785125732421875 6
1740852643592 1.7774996757507324 7
1740852651592 1.7322351932525635 8
1740852660514 1.6722990274429321 9
1740852668885 1.623151421546936 10
1740852677927 1.5746512413024902 11
1740852686732 1.5481624603271484 12
1740852695475 1.593660593032837 13
1740852704861 1.4300869703292847 14
1740852713961 1.535744309425354 15
1740852720140 1.3681992292404175 16
1740852731948 1.4535878896713257 17
1740852740408 1.31405508518219 18
1740852750926 1.383672833442688 19
1740852758520 1.27530038356781 20
1740852764438 1.3069052696228027 21
1740852769671 1.260750651359558 22
1740852774933 1.2345681190490723 23
1740852780275 1.2374505996704102 24
1740852785504 1.1820337772369385 25
1740852791873 1.2054047584533691 26
1740852802025 1.1498852968215942 27
1740852807929 1.1707228422164917 28
1740852818653 1.1266754865646362 29
1740852824732 1.13286292552948 30
1740852831120 1.1070325374603271 31
1740852837829 1.0984102487564087 32
1740852844150 1.0804593563079834 33
1740852850251 1.068852424621582 34
1740852860590 1.0498158931732178 35
1740852868294 1.046095371246338 36
1740852877698 1.0208879709243774 37
1740852884093 1.025465965270996 38
1740852890508 1.0013076066970825 39
1740852898647 0.9987292885780334 40
1740852906410 0.9883825778961182 41
1740852914437 0.9670279622077942 42
1740852925235 0.9694163203239441 43
1740852932742 0.953490138053894 44
1740852941388 0.9350096583366394 45
1740852947379 0.9348351955413818 46
1740852953212 0.9207944869995117 47
1740852963335 0.9068728685379028 48
1740852969731 0.9060083031654358 49
