1740921452655 0.10694558173418045 0
1740921460226 0.09008923918008804 1
1740921468587 0.10544634610414505 2
1740921479258 0.14682619273662567 3
1740921489391 0.14550478756427765 4
1740921499220 0.17381085455417633 5
1740921508627 0.1619354635477066 6
1740921519023 0.1953863948583603 7
1740921529436 0.19386839866638184 8
1740921538083 0.21559493243694305 9
1740921546114 0.2077614814043045 10
1740921556788 0.23652434349060059 11
1740921565599 0.23008930683135986 12
1740921574627 0.256780207157135 13
1740921584904 0.2624451816082001 14
1740921595100 0.2663220167160034 15
1740921603814 0.2955944240093231 16
1740921612026 0.2725638747215271 17
1740921621673 0.3129507303237915 18
1740921630025 0.29494181275367737 19
1740921640371 0.3106977045536041 20
1740921647939 0.31540432572364807 21
1740921658357 0.2984907329082489 22
1740921665768 0.3166256248950958 23
1740921676090 0.33201274275779724 24
1740921686823 0.30781111121177673 25
1740921694875 0.33403530716896057 26
1740921705253 0.3423396348953247 27
1740921713024 0.33619800209999084 28
1740921720387 0.34297898411750793 29
1740921730566 0.35360607504844666 30
1740921740861 0.34495821595191956 31
1740921758511 0.348745733499527 32
1740921766121 0.365945965051651 33
1740921773751 0.3554175794124603 34
1740921782275 0.3652664124965668 35
1740921802516 0.3685188293457031 36
1740921813309 0.3696947991847992 37
1740921821054 0.37457048892974854 38
1740921828197 0.3792901337146759 39
1740921835990 0.3780769407749176 40
1740921844353 0.38293853402137756 41
1740921853162 0.3903394639492035 42
1740921863279 0.384328693151474 43
1740921871207 0.3948914110660553 44
1740921878633 0.39344191551208496 45
1740921886380 0.39767566323280334 46
1740921893913 0.3992237150669098 47
1740921901579 0.40591201186180115 48
1740921909086 0.40498948097229004 49
