1740921452655 1.8239730596542358 0
1740921460226 1.6388731002807617 1
1740921468587 1.559244990348816 2
1740921479258 1.497105360031128 3
1740921489391 1.4242565631866455 4
1740921499220 1.362004280090332 5
1740921508627 1.3088843822479248 6
1740921519023 1.2297279834747314 7
1740921529436 1.19050931930542 8
1740921538083 1.1043111085891724 9
1740921546114 1.0728237628936768 10
1740921556788 0.9955471158027649 11
1740921565599 0.9705734252929688 12
1740921574627 0.9183064699172974 13
1740921584904 0.8714565634727478 14
1740921595100 0.865861177444458 15
1740921603814 0.8072795867919922 16
1740921612026 0.8335202932357788 17
1740921621673 0.7654964327812195 18
1740921630025 0.7903523445129395 19
1740921640371 0.7258734703063965 20
1740921647939 0.7952775359153748 21
1740921658357 0.7348338961601257 22
1740921665768 0.7463298439979553 23
1740921676090 0.7133421897888184 24
1740921686823 0.6880204677581787 25
1740921694875 0.6883432269096375 26
1740921705253 0.6768974661827087 27
1740921713024 0.6426873207092285 28
1740921720387 0.6549499034881592 29
1740921730566 0.6409178972244263 30
1740921740861 0.6185123324394226 31
1740921758511 0.6391204595565796 32
1740921766121 0.5944819450378418 33
1740921773751 0.6255983114242554 34
1740921782275 0.5799086093902588 35
1740921802516 0.6034435629844666 36
1740921813309 0.5587176084518433 37
1740921821054 0.5684240460395813 38
1740921828197 0.5503324270248413 39
1740921835990 0.5449457764625549 40
1740921844353 0.5517176389694214 41
1740921853162 0.5177804827690125 42
1740921863279 0.5415118932723999 43
1740921871207 0.5076184868812561 44
1740921878633 0.5141286253929138 45
1740921886380 0.5095890760421753 46
1740921893913 0.4989878237247467 47
1740921901579 0.4840494692325592 48
1740921909086 0.482626736164093 49
