[[[[2.0074362e-01 7.2768420e-01 3.0527669e-01]
   [2.1921395e-01 2.1732737e-01 2.5507629e-01]
   [4.4028556e-01 1.8684126e-01 8.6266106e-01]
   ...
   [3.5012904e-01 1.4252567e-01 4.4265801e-01]
   [5.7550472e-01 2.7315655e-01 2.5685221e-01]
   [6.5629776e-03 4.4953319e-01 9.3180364e-01]]

  [[9.7379255e-01 3.8386545e-01 7.2653282e-01]
   [1.1505879e-01 9.8734194e-01 8.3032823e-01]
   [3.9352882e-01 9.4199097e-01 9.0889496e-01]
   ...
   [5.1294816e-01 7.2033328e-01 7.8487688e-01]
   [8.5087329e-01 7.6498562e-01 3.7799969e-01]
   [2.6590750e-02 6.9461733e-01 7.8293741e-01]]

  [[8.4502405e-01 9.5656949e-01 2.0785362e-01]
   [5.5296928e-01 2.3097020e-01 8.3425772e-01]
   [2.9359108e-01 6.5377736e-01 5.4883108e-02]
   ...
   [2.9847950e-01 2.5226784e-01 9.2304659e-01]
   [2.7139732e-01 6.9823998e-01 2.4213532e-01]
   [1.7755404e-02 5.9544921e-01 9.4135955e-02]]

  ...

  [[9.5617384e-02 9.4954950e-01 9.4403726e-01]
   [6.2694144e-01 3.3060098e-01 6.1603445e-01]
   [8.2414991e-01 1.9036132e-01 6.0465825e-01]
   ...
   [8.3574796e-01 7.5877422e-01 2.9402608e-01]
   [9.1018277e-01 9.0824234e-01 2.2533235e-01]
   [3.4215549e-01 4.1807562e-02 9.9911660e-01]]

  [[9.8785627e-01 5.9174383e-01 2.9247621e-01]
   [5.8231968e-01 5.4978704e-01 9.1894764e-01]
   [7.8990471e-01 5.1116598e-01 9.8748887e-01]
   ...
   [5.1063222e-01 3.0779248e-01 4.1726452e-01]
   [5.8930087e-01 9.7480232e-01 2.5052062e-01]
   [9.7845137e-02 7.9131544e-01 7.5993770e-01]]

  [[4.6366614e-01 3.6848173e-04 3.9481398e-01]
   [8.4968388e-01 3.1853873e-01 1.7550293e-01]
   [8.1904238e-01 6.5953326e-01 1.0467847e-01]
   ...
   [7.7771455e-01 5.2762699e-01 7.5889617e-02]
   [2.3338504e-01 2.4701902e-01 1.3563150e-01]
   [9.3786281e-01 6.7497246e-02 7.8226584e-01]]]]